tStep	sim_time	part_diameter	part_height
0	1	9.9419e-08	9.9419e-08
1	2	5.102e-06	5.102e-06
2	3	4.09385e-05	4.09385e-05
3	4	0.000142448	0.000142448
4	5	0.000331789	0.000331789
5	6	0.000620733	0.000620733
6	7	0.00101591	0.00101591
7	8	0.00152139	0.00152139
8	9	0.00213986	0.00213987
9	10	0.00287322	0.00287323
10	11	0.00372282	0.00372283
11	12	0.00468966	0.00468968
12	13	0.00577452	0.00577455
13	14	0.00697798	0.00697802
14	15	0.00830047	0.00830053
15	16	0.00974234	0.00974243
16	17	0.0113038	0.0113039
17	18	0.0129851	0.0129853
18	19	0.0147863	0.0147865
19	20	0.0167075	0.0167078
20	21	0.0187486	0.018749
21	22	0.0209097	0.0209102
22	23	0.0231907	0.0231913
23	24	0.0255915	0.0255922
24	25	0.028112	0.0281129
25	26	0.030752	0.030753
26	27	0.0335113	0.0335126
27	28	0.0363897	0.0363913
28	29	0.039387	0.0393889
29	30	0.042503	0.0425052
30	31	0.0457373	0.0457399
31	32	0.0490896	0.0490927
32	33	0.0525597	0.0525633
33	34	0.0561471	0.0561513
34	35	0.0598515	0.0598564
35	36	0.0636726	0.0636781
36	37	0.0676098	0.0676162
37	38	0.0716628	0.0716702
38	39	0.0758311	0.0758396
39	40	0.0801143	0.0801239
40	41	0.0845118	0.0845227
41	42	0.0890231	0.0890355
42	43	0.0936478	0.0936618
43	44	0.0983851	0.098401
44	45	0.103235	0.103252
45	46	0.108196	0.108216
46	47	0.113268	0.11329
47	48	0.11845	0.118475
48	49	0.123742	0.12377
49	50	0.129143	0.129174
50	51	0.134651	0.134687
51	52	0.140268	0.140307
52	53	0.145991	0.146034
53	54	0.15182	0.151868
54	55	0.157754	0.157807
55	56	0.163792	0.163851
56	57	0.169933	0.169998
57	58	0.176177	0.176249
58	59	0.182523	0.182602
59	60	0.188969	0.189056
60	61	0.195514	0.19561
61	62	0.202158	0.202263
62	63	0.2089	0.209015
63	64	0.215737	0.215864
64	65	0.22267	0.222809
65	66	0.229698	0.229849
66	67	0.236818	0.236983
67	68	0.244029	0.24421
68	69	0.251331	0.251528
69	70	0.258722	0.258937
70	71	0.266201	0.266436
71	72	0.273767	0.274022
72	73	0.281417	0.281695
73	74	0.289151	0.289453
74	75	0.296967	0.297294
75	76	0.304863	0.305219
76	77	0.312838	0.313224
77	78	0.32089	0.321309
78	79	0.329018	0.329471
79	80	0.337219	0.33771
80	81	0.345493	0.346024
81	82	0.353837	0.354411
82	83	0.362249	0.362869
83	84	0.370727	0.371398
84	85	0.37927	0.379994
85	86	0.387875	0.388656
86	87	0.39654	0.397382
87	88	0.405264	0.406171
88	89	0.414043	0.41502
89	90	0.422875	0.423927
90	91	0.431759	0.43289
91	92	0.440691	0.441907
92	93	0.449669	0.450976
93	94	0.458691	0.460095
94	95	0.467754	0.469261
95	96	0.476855	0.478473
96	97	0.485992	0.487726
97	98	0.495162	0.497021
98	99	0.504361	0.506353
99	100	0.513588	0.51572
100	101	0.522839	0.525121
101	102	0.532111	0.534551
102	103	0.541401	0.54401
103	104	0.550706	0.553494
104	105	0.560024	0.563001
105	106	0.569351	0.572528
106	107	0.578684	0.582072
107	108	0.58802	0.591632
108	109	0.597972	0.601605
109	110	0.60795	0.611604
110	111	0.617953	0.621628
111	112	0.627983	0.631678
112	113	0.638037	0.641752
113	114	0.648117	0.651852
114	115	0.65824	0.661996
115	116	0.668424	0.672201
116	117	0.678678	0.682477
117	118	0.689006	0.692826
118	119	0.699409	0.70325
119	120	0.709886	0.713748
120	121	0.720436	0.724319
121	122	0.731057	0.73496
122	123	0.741748	0.745671
123	124	0.752506	0.756449
124	125	0.763329	0.767291
125	126	0.774215	0.778196
126	127	0.785161	0.78916
127	128	0.796165	0.800182
128	129	0.807223	0.811258
129	130	0.818334	0.822386
130	131	0.829495	0.833563
131	132	0.840702	0.844788
132	133	0.851957	0.856058
133	134	0.863264	0.867381
134	135	0.874633	0.878765
135	136	0.886067	0.890214
136	137	0.897567	0.901729
137	138	0.909133	0.913309
138	139	0.920763	0.924953
139	140	0.932455	0.936659
140	141	0.944208	0.948426
141	142	0.956019	0.96025
142	143	0.967887	0.97213
143	144	0.979808	0.984064
144	145	0.991781	0.996048
145	146	1.0038	1.00808
146	147	1.01587	1.02016
147	148	1.02799	1.03229
148	149	1.04014	1.04445
149	150	1.05234	1.05666
150	151	1.06457	1.0689
151	152	1.07683	1.08118
152	153	1.08913	1.09348
153	154	1.10146	1.10582
154	155	1.11382	1.11819
155	156	1.1262	1.13058
156	157	1.13861	1.14299
157	158	1.15104	1.15543
158	159	1.16348	1.16788
159	160	1.17594	1.18035
160	161	1.18842	1.19283
161	162	1.20091	1.20532
162	163	1.2134	1.21782
163	164	1.22591	1.23033
164	165	1.23842	1.24285
165	166	1.25093	1.25537
166	167	1.26345	1.26789
167	168	1.27597	1.28041
168	169	1.28848	1.29293
169	170	1.30099	1.30544
170	171	1.31349	1.31795
171	172	1.32599	1.33045
172	173	1.33848	1.34294
173	174	1.35095	1.35541
174	175	1.36342	1.36788
175	176	1.37586	1.38033
176	177	1.38831	1.39277
177	178	1.40076	1.40522
178	179	1.41322	1.41768
179	180	1.4257	1.43017
180	181	1.4382	1.44266
181	182	1.45072	1.45518
182	183	1.46325	1.46771
183	184	1.47579	1.48025
184	185	1.48834	1.49281
185	186	1.50091	1.50537
186	187	1.51348	1.51793
187	188	1.52605	1.5305
188	189	1.53862	1.54308
189	190	1.5512	1.55565
190	191	1.56377	1.56822
191	192	1.57634	1.58078
192	193	1.5889	1.59334
193	194	1.60145	1.60589
194	195	1.614	1.61843
195	196	1.62653	1.63096
196	197	1.63905	1.64347
197	198	1.65155	1.65597
198	199	1.66403	1.66844
199	200	1.6765	1.6809
200	201	1.68894	1.69334
201	202	1.70137	1.70576
202	203	1.71377	1.71815
203	204	1.72614	1.73052
204	205	1.73854	1.74292
205	206	1.75092	1.75529
206	207	1.76326	1.76762
207	208	1.77557	1.77992
208	209	1.78785	1.7922
209	210	1.8001	1.80443
210	211	1.81231	1.81664
211	212	1.82448	1.8288
212	213	1.83662	1.84093
213	214	1.84873	1.85303
214	215	1.86079	1.86508
215	216	1.87281	1.8771
216	217	1.8848	1.88907
217	218	1.89674	1.90101
218	219	1.90865	1.9129
219	220	1.92051	1.92475
220	221	1.93232	1.93656
221	222	1.9441	1.94832
222	223	1.95583	1.96004
223	224	1.96752	1.97172
224	225	1.97916	1.98335
225	226	1.99076	1.99493
226	227	2.00231	2.00647
227	228	2.01381	2.01797
228	229	2.02527	2.02941
229	230	2.03668	2.04081
230	231	2.04804	2.05216
231	232	2.05935	2.06346
232	233	2.07062	2.07471
233	234	2.08184	2.08592
234	235	2.09301	2.09708
235	236	2.10413	2.10818
236	237	2.11521	2.11925
237	238	2.12624	2.13027
238	239	2.13725	2.14126
239	240	2.14822	2.15222
240	241	2.15916	2.16314
241	242	2.17006	2.17403
242	243	2.18093	2.18489
243	244	2.19176	2.1957
244	245	2.20256	2.20649
245	246	2.21331	2.21723
246	247	2.22404	2.22794
247	248	2.23472	2.2386
248	249	2.24536	2.24923
249	250	2.25597	2.25982
250	251	2.26653	2.27037
251	252	2.27705	2.28088
252	253	2.28754	2.29134
253	254	2.29798	2.30177
254	255	2.30838	2.31215
255	256	2.31873	2.32249
256	257	2.32904	2.33279
257	258	2.33931	2.34304
258	259	2.34954	2.35325
259	260	2.35978	2.36348
260	261	2.36997	2.37365
261	262	2.38012	2.38378
262	263	2.39022	2.39386
263	264	2.40027	2.4039
264	265	2.41027	2.41388
265	266	2.42023	2.42382
266	267	2.43014	2.43372
267	268	2.44	2.44356
268	269	2.44982	2.45336
269	270	2.45959	2.46312
270	271	2.46931	2.47282
271	272	2.47899	2.48248
272	273	2.48862	2.4921
273	274	2.4982	2.50166
274	275	2.50774	2.51118
275	276	2.51723	2.52066
276	277	2.52669	2.53009
277	278	2.53612	2.53951
278	279	2.54554	2.5489
279	280	2.55493	2.55827
280	281	2.5643	2.56762
281	282	2.57366	2.57696
282	283	2.583	2.58628
283	284	2.59232	2.59558
284	285	2.60164	2.60488
285	286	2.61097	2.61418
286	287	2.62031	2.6235
287	288	2.62965	2.63282
288	289	2.639	2.64215
289	290	2.64836	2.65149
290	291	2.65772	2.66083
291	292	2.66708	2.67017
292	293	2.67644	2.67951
293	294	2.68596	2.68901
294	295	2.69546	2.69849
295	296	2.70494	2.70795
296	297	2.71441	2.7174
297	298	2.72387	2.72684
298	299	2.73332	2.73627
299	300	2.74276	2.74569
300	301	2.75218	2.75509
301	302	2.76159	2.76449
302	303	2.77098	2.77386
303	304	2.78036	2.78323
304	305	2.78973	2.79257
305	306	2.79907	2.8019
306	307	2.8084	2.81122
307	308	2.81772	2.82052
308	309	2.82702	2.8298
309	310	2.83629	2.83906
310	311	2.84555	2.8483
311	312	2.85479	2.85753
312	313	2.86402	2.86674
313	314	2.87323	2.87594
314	315	2.88245	2.88514
315	316	2.89166	2.89434
316	317	2.90088	2.90354
317	318	2.91009	2.91274
318	319	2.9193	2.92194
319	320	2.92852	2.93114
320	321	2.93772	2.94033
321	322	2.94692	2.94952
322	323	2.95612	2.9587
323	324	2.9653	2.96787
324	325	2.97448	2.97704
325	326	2.98364	2.98619
326	327	2.9928	2.99534
327	328	3.00194	3.00447
328	329	3.01107	3.01358
329	330	3.02018	3.02269
330	331	3.02928	3.03178
331	332	3.03837	3.04085
332	333	3.04744	3.04991
333	334	3.0565	3.05896
334	335	3.06554	3.06799
335	336	3.07456	3.07701
336	337	3.08357	3.086
337	338	3.09255	3.09498
338	339	3.10151	3.10393
339	340	3.11045	3.11287
340	341	3.11937	3.12178
341	342	3.12827	3.13067
342	343	3.13714	3.13953
343	344	3.14599	3.14838
344	345	3.15482	3.1572
345	346	3.16362	3.16599
346	347	3.1724	3.17477
347	348	3.18116	3.18352
348	349	3.18988	3.19224
349	350	3.19859	3.20094
350	351	3.20727	3.20961
351	352	3.21592	3.21826
352	353	3.22455	3.22689
353	354	3.23315	3.23548
354	355	3.24172	3.24405
355	356	3.25027	3.2526
356	357	3.25879	3.26112
357	358	3.26729	3.26961
358	359	3.2758	3.27812
359	360	3.28433	3.28665
360	361	3.29285	3.29517
361	362	3.30135	3.30368
362	363	3.30998	3.3123
363	364	3.31853	3.32086
364	365	3.32707	3.3294
365	366	3.33559	3.33793
366	367	3.34409	3.34643
367	368	3.35257	3.35492
368	369	3.36103	3.36338
369	370	3.36947	3.37183
370	371	3.37788	3.38025
371	372	3.38628	3.38865
372	373	3.39465	3.39703
373	374	3.40299	3.40539
374	375	3.41132	3.41372
375	376	3.41962	3.42203
376	377	3.42789	3.43031
377	378	3.43615	3.43858
378	379	3.44437	3.44681
379	380	3.45257	3.45502
380	381	3.46075	3.46321
381	382	3.46889	3.47137
382	383	3.47702	3.4795
383	384	3.48511	3.48761
384	385	3.49318	3.49569
385	386	3.50122	3.50375
386	387	3.50923	3.51177
387	388	3.51722	3.51977
388	389	3.52518	3.52775
389	390	3.53311	3.53569
390	391	3.54101	3.54361
391	392	3.54888	3.5515
392	393	3.55673	3.55936
393	394	3.56454	3.56719
394	395	3.57233	3.575
395	396	3.58009	3.58278
396	397	3.58782	3.59052
397	398	3.59552	3.59824
398	399	3.60319	3.60593
399	400	3.61083	3.6136
400	401	3.61845	3.62124
401	402	3.62605	3.62885
402	403	3.63362	3.63645
403	404	3.64117	3.64402
404	405	3.6487	3.65156
405	406	3.6562	3.65908
406	407	3.66367	3.66658
407	408	3.67112	3.67406
408	409	3.67855	3.6815
409	410	3.68594	3.68893
410	411	3.69332	3.69632
411	412	3.70066	3.70369
412	413	3.70798	3.71104
413	414	3.71528	3.71836
414	415	3.72254	3.72565
415	416	3.72978	3.73291
416	417	3.73699	3.74015
417	418	3.74418	3.74737
418	419	3.75134	3.75456
419	420	3.75847	3.76172
420	421	3.76564	3.76892
421	422	3.77277	3.77609
422	423	3.77987	3.78323
423	424	3.78694	3.79034
424	425	3.79398	3.79741
425	426	3.80098	3.80446
426	427	3.80796	3.81148
427	428	3.8149	3.81846
428	429	3.82182	3.82541
429	430	3.8287	3.83234
430	431	3.83558	3.83926
431	432	3.84243	3.84616
432	433	3.84928	3.85304
433	434	3.8561	3.85991
434	435	3.86291	3.86676
435	436	3.8697	3.8736
436	437	3.87647	3.88042
437	438	3.88323	3.88722
438	439	3.88996	3.894
439	440	3.89668	3.90076
440	441	3.90337	3.9075
441	442	3.91005	3.91422
442	443	3.9167	3.92092
443	444	3.92333	3.9276
444	445	3.92994	3.93425
445	446	3.93652	3.94089
446	447	3.94308	3.9475
447	448	3.94962	3.95409
448	449	3.95613	3.96065
449	450	3.96263	3.96719
450	451	3.96909	3.97371
451	452	3.97553	3.9802
452	453	3.98195	3.98667
453	454	3.98834	3.99312
454	455	3.99471	3.99954
455	456	4.00105	4.00593
456	457	4.00737	4.0123
457	458	4.01366	4.01865
458	459	4.01992	4.02497
459	460	4.02616	4.03126
460	461	4.03238	4.03753
461	462	4.03856	4.04377
462	463	4.04484	4.05012
463	464	4.05109	4.05643
464	465	4.0573	4.06271
465	466	4.06348	4.06895
466	467	4.06963	4.07517
467	468	4.07575	4.08135
468	469	4.08183	4.0875
469	470	4.08789	4.09363
470	471	4.09392	4.09972
471	472	4.09991	4.10578
472	473	4.10588	4.11182
473	474	4.11182	4.11783
474	475	4.11773	4.12381
475	476	4.12363	4.12978
476	477	4.12953	4.13575
477	478	4.13543	4.14172
478	479	4.14132	4.14769
479	480	4.14721	4.15365
480	481	4.1531	4.15961
481	482	4.15898	4.16557
482	483	4.16485	4.17151
483	484	4.17071	4.17745
484	485	4.17657	4.18337
485	486	4.18241	4.18929
486	487	4.18823	4.19519
487	488	4.19405	4.20108
488	489	4.19985	4.20696
489	490	4.20563	4.21282
490	491	4.2114	4.21867
491	492	4.21715	4.22449
492	493	4.22289	4.23031
493	494	4.2286	4.2361
494	495	4.2343	4.24188
495	496	4.23998	4.24764
496	497	4.24564	4.25338
497	498	4.25128	4.2591
498	499	4.2569	4.2648
499	500	4.2625	4.27047
500	501	4.26807	4.27613
501	502	4.27363	4.28177
502	503	4.27916	4.28739
503	504	4.28467	4.29298
504	505	4.29016	4.29855
505	506	4.29563	4.3041
506	507	4.30107	4.30963
507	508	4.30649	4.31514
508	509	4.31189	4.32062
509	510	4.31727	4.32608
510	511	4.32262	4.33151
511	512	4.32795	4.33693
512	513	4.33325	4.34232
513	514	4.33853	4.34768
514	515	4.34379	4.35302
515	516	4.34902	4.35834
516	517	4.35423	4.36364
517	518	4.35941	4.36891
518	519	4.36457	4.37416
519	520	4.3697	4.37938
520	521	4.37476	4.38454
521	522	4.37979	4.38968
522	523	4.3848	4.3948
523	524	4.38979	4.3999
524	525	4.39489	4.40513
525	526	4.39995	4.41032
526	527	4.40525	4.41575
527	528	4.41049	4.42112
528	529	4.41569	4.42645
529	530	4.42085	4.43174
530	531	4.42596	4.43698
531	532	4.43104	4.44219
532	533	4.43608	4.44737
533	534	4.44108	4.4525
534	535	4.44605	4.4576
535	536	4.45099	4.46267
536	537	4.45589	4.4677
537	538	4.46075	4.4727
538	539	4.46559	4.47767
539	540	4.4704	4.48262
540	541	4.47517	4.48754
541	542	4.47992	4.49244
542	543	4.48463	4.49734
543	544	4.48932	4.50222
544	545	4.49399	4.50709
545	546	4.49864	4.51194
546	547	4.50328	4.51679
547	548	4.50792	4.52163
548	549	4.51254	4.52645
549	550	4.51715	4.53127
550	551	4.52175	4.53608
551	552	4.52634	4.54088
552	553	4.53092	4.54567
553	554	4.53549	4.55044
554	555	4.54005	4.55521
555	556	4.5446	4.55997
556	557	4.54914	4.56472
557	558	4.55367	4.56946
558	559	4.55819	4.57419
559	560	4.5627	4.57891
560	561	4.5672	4.58362
561	562	4.57169	4.58832
562	563	4.57617	4.59301
563	564	4.58064	4.59769
564	565	4.5851	4.60236
565	566	4.58955	4.60701
566	567	4.59399	4.61166
567	568	4.59841	4.6163
568	569	4.60283	4.62093
569	570	4.60724	4.62555
570	571	4.61164	4.63016
571	572	4.61603	4.63475
572	573	4.62026	4.63922
573	574	4.62449	4.6437
574	575	4.62871	4.64816
575	576	4.63294	4.65263
576	577	4.63716	4.65709
577	578	4.64157	4.66174
578	579	4.64615	4.6666
579	580	4.6507	4.67143
580	581	4.65522	4.67623
581	582	4.65971	4.681
582	583	4.66417	4.68574
583	584	4.66861	4.69046
584	585	4.67302	4.69516
585	586	4.67742	4.69983
586	587	4.68179	4.70448
587	588	4.68614	4.70912
588	589	4.69048	4.71373
589	590	4.6948	4.71833
590	591	4.6991	4.72291
591	592	4.7034	4.72749
592	593	4.70769	4.73206
593	594	4.71199	4.73664
594	595	4.71629	4.74122
595	596	4.7206	4.7458
596	597	4.7249	4.75038
597	598	4.7292	4.75496
598	599	4.73351	4.75954
599	600	4.73781	4.76412
600	601	4.74211	4.7687
601	602	4.7464	4.77328
602	603	4.7507	4.77785
603	604	4.75499	4.78242
604	605	4.75927	4.78699
605	606	4.76355	4.79155
606	607	4.76783	4.79611
607	608	4.7721	4.80066
608	609	4.77637	4.80521
609	610	4.78063	4.80975
610	611	4.78488	4.81428
611	612	4.78912	4.81881
612	613	4.79336	4.82333
613	614	4.7976	4.82784
614	615	4.80182	4.83235
615	616	4.80604	4.83685
616	617	4.81025	4.84134
617	618	4.81445	4.84582
618	619	4.81864	4.85029
619	620	4.82282	4.85476
620	621	4.827	4.85922
621	622	4.83117	4.86367
622	623	4.83533	4.86811
623	624	4.83948	4.87254
624	625	4.84362	4.87697
625	626	4.84776	4.88139
626	627	4.85189	4.8858
627	628	4.85602	4.89021
628	629	4.86014	4.89461
629	630	4.86426	4.89901
630	631	4.86827	4.90331
631	632	4.87228	4.90761
632	633	4.87629	4.91191
633	634	4.8803	4.91621
634	635	4.88431	4.92051
635	636	4.88832	4.92482
636	637	4.89234	4.92912
637	638	4.89674	4.93383
638	639	4.90112	4.93852
639	640	4.90547	4.94318
640	641	4.90981	4.94782
641	642	4.91413	4.95245
642	643	4.91843	4.95706
643	644	4.92271	4.96165
644	645	4.92697	4.96623
645	646	4.93123	4.97079
646	647	4.93546	4.97533
647	648	4.93969	4.97987
648	649	4.94389	4.98439
649	650	4.94809	4.98889
650	651	4.95227	4.99339
651	652	4.95644	4.99787
652	653	4.9606	5.00234
653	654	4.96475	5.00679
654	655	4.96888	5.01124
655	656	4.973	5.01567
656	657	4.97711	5.0201
657	658	4.98121	5.02451
658	659	4.9853	5.02891
659	660	4.98938	5.0333
660	661	4.99344	5.03768
661	662	4.9975	5.04204
662	663	5.00154	5.0464
663	664	5.00558	5.05075
664	665	5.0096	5.05508
665	666	5.01361	5.05941
666	667	5.01762	5.06372
667	668	5.02161	5.06803
668	669	5.0256	5.07234
669	670	5.02959	5.07663
670	671	5.03357	5.08093
671	672	5.03755	5.08522
672	673	5.04153	5.08951
673	674	5.0455	5.09379
674	675	5.04947	5.09808
675	676	5.05344	5.10236
676	677	5.0574	5.10663
677	678	5.06136	5.1109
678	679	5.06532	5.11517
679	680	5.06926	5.11943
680	681	5.07321	5.12368
681	682	5.07714	5.12793
682	683	5.08107	5.13217
683	684	5.085	5.1364
684	685	5.08892	5.14063
685	686	5.09283	5.14485
686	687	5.09673	5.14906
687	688	5.10062	5.15327
688	689	5.10451	5.15746
689	690	5.10839	5.16165
690	691	5.11226	5.16583
691	692	5.11612	5.17001
692	693	5.12011	5.17429
693	694	5.12408	5.17855
694	695	5.12803	5.18279
695	696	5.13211	5.18719
696	697	5.13617	5.19156
697	698	5.1402	5.19591
698	699	5.14421	5.20023
699	700	5.1482	5.20453
700	701	5.15216	5.20881
701	702	5.15611	5.21307
702	703	5.16004	5.21731
703	704	5.16394	5.22153
704	705	5.16783	5.22573
705	706	5.17171	5.22992
706	707	5.17557	5.23409
707	708	5.17941	5.23825
708	709	5.18324	5.24239
709	710	5.18706	5.24652
710	711	5.19087	5.25063
711	712	5.19466	5.25474
712	713	5.19844	5.25883
713	714	5.20222	5.26291
714	715	5.20599	5.26699
715	716	5.20975	5.27105
716	717	5.2135	5.27511
717	718	5.21725	5.27917
718	719	5.22099	5.28322
719	720	5.22473	5.28726
720	721	5.22846	5.2913
721	722	5.23218	5.29532
722	723	5.23589	5.29935
723	724	5.2396	5.30336
724	725	5.2433	5.30737
725	726	5.247	5.31136
726	727	5.25068	5.31535
727	728	5.25436	5.31934
728	729	5.25803	5.32331
729	730	5.26169	5.32727
730	731	5.26535	5.33123
731	732	5.26899	5.33518
732	733	5.27263	5.33911
733	734	5.27626	5.34304
734	735	5.27982	5.34691
735	736	5.28339	5.35076
736	737	5.28695	5.35462
737	738	5.2905	5.35846
738	739	5.29404	5.3623
739	740	5.29758	5.36613
740	741	5.30128	5.37009
741	742	5.30495	5.37403
742	743	5.30861	5.37795
743	744	5.31226	5.38185
744	745	5.31588	5.38574
745	746	5.3195	5.38961
746	747	5.32309	5.39347
747	748	5.32695	5.39764
748	749	5.33078	5.40177
749	750	5.33458	5.40587
750	751	5.33835	5.40995
751	752	5.3421	5.414
752	753	5.34582	5.41803
753	754	5.34952	5.42203
754	755	5.35321	5.42602
755	756	5.35688	5.42999
756	757	5.36055	5.43395
757	758	5.36421	5.43791
758	759	5.36786	5.44186
759	760	5.37151	5.4458
760	761	5.37515	5.44974
761	762	5.37879	5.45367
762	763	5.38242	5.45759
763	764	5.38604	5.46151
764	765	5.38966	5.46541
765	766	5.39327	5.46931
766	767	5.39687	5.4732
767	768	5.40046	5.47709
768	769	5.40405	5.48096
769	770	5.40762	5.48483
770	771	5.41119	5.48868
771	772	5.41476	5.49253
772	773	5.41831	5.49637
773	774	5.42186	5.5002
774	775	5.42539	5.50402
775	776	5.42892	5.50782
776	777	5.43244	5.51162
777	778	5.43595	5.51541
778	779	5.43945	5.51919
779	780	5.44294	5.52296
780	781	5.44642	5.52672
781	782	5.4499	5.53047
782	783	5.45336	5.53421
783	784	5.45682	5.53794
784	785	5.46027	5.54167
785	786	5.46372	5.54539
786	787	5.46717	5.54911
787	788	5.47061	5.55282
788	789	5.47405	5.55653
789	790	5.47749	5.56024
790	791	5.48092	5.56394
791	792	5.48435	5.56763
792	793	5.48773	5.57126
793	794	5.4911	5.57488
794	795	5.49447	5.5785
795	796	5.49784	5.58211
796	797	5.50121	5.58572
797	798	5.5049	5.58961
798	799	5.50856	5.59347
799	800	5.5122	5.5973
800	801	5.51581	5.60111
801	802	5.5194	5.60489
802	803	5.52297	5.60865
803	804	5.52698	5.61291
804	805	5.53093	5.61712
805	806	5.53483	5.62127
806	807	5.53868	5.62538
807	808	5.5425	5.62945
808	809	5.54628	5.63348
809	810	5.55002	5.63747
810	811	5.55372	5.64142
811	812	5.5574	5.64535
812	813	5.56105	5.64924
813	814	5.56466	5.6531
814	815	5.56826	5.65694
815	816	5.57182	5.66074
816	817	5.57537	5.66453
817	818	5.57889	5.66829
818	819	5.58239	5.67202
819	820	5.58587	5.67574
820	821	5.58933	5.67943
821	822	5.59277	5.68311
822	823	5.59619	5.68676
823	824	5.59959	5.69039
824	825	5.60298	5.69401
825	826	5.60635	5.69761
826	827	5.60971	5.70119
827	828	5.61305	5.70475
828	829	5.61637	5.7083
829	830	5.61968	5.71183
830	831	5.62298	5.71534
831	832	5.62626	5.71884
832	833	5.62953	5.72232
833	834	5.63278	5.72579
834	835	5.63602	5.72925
835	836	5.63925	5.73268
836	837	5.64247	5.73611
837	838	5.64567	5.73952
838	839	5.64886	5.74292
839	840	5.65204	5.7463
840	841	5.65521	5.74967
841	842	5.65836	5.75302
842	843	5.66151	5.75637
843	844	5.66464	5.7597
844	845	5.66776	5.76301
845	846	5.67087	5.76631
846	847	5.67397	5.76961
847	848	5.67705	5.77288
848	849	5.68013	5.77615
849	850	5.6832	5.7794
850	851	5.68625	5.78264
851	852	5.6893	5.78587
852	853	5.69233	5.78909
853	854	5.69535	5.79229
854	855	5.69837	5.79548
855	856	5.70137	5.79867
856	857	5.70437	5.80183
857	858	5.70735	5.80499
858	859	5.71032	5.80814
859	860	5.71329	5.81127
860	861	5.71624	5.81439
861	862	5.71919	5.81751
862	863	5.72212	5.82061
863	864	5.72505	5.8237
864	865	5.72796	5.82677
865	866	5.73087	5.82984
866	867	5.73377	5.8329
867	868	5.73666	5.83595
868	869	5.73955	5.83899
869	870	5.74244	5.84203
870	871	5.74532	5.84506
871	872	5.7482	5.84809
872	873	5.75108	5.85112
873	874	5.75395	5.85414
874	875	5.75682	5.85715
875	876	5.75968	5.86015
876	877	5.76254	5.86315
877	878	5.7654	5.86615
878	879	5.76825	5.86913
879	880	5.77109	5.87211
880	881	5.77393	5.87508
881	882	5.77676	5.87804
882	883	5.77958	5.881
883	884	5.7824	5.88395
884	885	5.78521	5.88689
885	886	5.78802	5.88982
886	887	5.79082	5.89274
887	888	5.79361	5.89565
888	889	5.79639	5.89855
889	890	5.79917	5.90145
890	891	5.80194	5.90434
891	892	5.8047	5.90722
892	893	5.80746	5.91008
893	894	5.81021	5.91295
894	895	5.81295	5.9158
895	896	5.81569	5.91864
896	897	5.81841	5.92147
897	898	5.82113	5.9243
898	899	5.82395	5.92718
899	900	5.82675	5.93005
900	901	5.82953	5.9329
901	902	5.8323	5.93574
902	903	5.83506	5.93856
903	904	5.83778	5.94132
904	905	5.84049	5.94407
905	906	5.84319	5.94682
906	907	5.84589	5.94955
907	908	5.84858	5.95228
908	909	5.85127	5.95501
909	910	5.85396	5.95772
910	911	5.85676	5.96052
911	912	5.85955	5.9633
912	913	5.86232	5.96606
913	914	5.86507	5.9688
914	915	5.86782	5.97153
915	916	5.87055	5.97425
916	917	5.87328	5.97696
917	918	5.87599	5.97966
918	919	5.8787	5.98235
919	920	5.88139	5.98504
920	921	5.88408	5.98773
921	922	5.88676	5.99042
922	923	5.88946	5.99311
923	924	5.89216	5.9958
924	925	5.89486	5.99849
925	926	5.89758	6.00119
926	927	5.9003	6.00388
927	928	5.90303	6.00657
928	929	5.90577	6.00927
929	930	5.90851	6.01196
930	931	5.91126	6.01466
931	932	5.91402	6.01735
932	933	5.91678	6.02005
933	934	5.91955	6.02274
934	935	5.92233	6.02544
935	936	5.92511	6.02813
936	937	5.92789	6.03082
937	938	5.93068	6.03352
938	939	5.93348	6.03621
939	940	5.93628	6.0389
940	941	5.93909	6.04159
941	942	5.9419	6.04428
942	943	5.94471	6.04696
943	944	5.94753	6.04965
944	945	5.95035	6.05233
945	946	5.95318	6.05502
946	947	5.95601	6.0577
947	948	5.95884	6.06038
948	949	5.96167	6.06305
949	950	5.96452	6.06573
950	951	5.96736	6.06841
951	952	5.97022	6.07109
952	953	5.97308	6.07378
953	954	5.97594	6.07646
954	955	5.97882	6.07915
955	956	5.9817	6.08184
956	957	5.9846	6.08454
957	958	5.98751	6.08725
958	959	5.99042	6.08996
959	960	5.99335	6.09268
960	961	5.99628	6.0954
961	962	5.99922	6.09812
962	963	6.00217	6.10085
963	964	6.00512	6.10358
964	965	6.00808	6.10631
965	966	6.01129	6.10924
966	967	6.01476	6.1123
967	968	6.0182	6.11533
968	969	6.0216	6.11831
969	970	6.02486	6.12109
970	971	6.02852	6.12428
971	972	6.03218	6.12746
972	973	6.0358	6.13061
973	974	6.0394	6.13372
974	975	6.04297	6.1368
975	976	6.04651	6.13985
976	977	6.05003	6.14288
977	978	6.05353	6.14588
978	979	6.05701	6.14885
979	980	6.06047	6.15181
980	981	6.06392	6.15474
981	982	6.06736	6.15766
982	983	6.07078	6.16056
983	984	6.07419	6.16345
984	985	6.0776	6.16632
985	986	6.08099	6.16918
986	987	6.08438	6.17203
987	988	6.08776	6.17487
988	989	6.09114	6.1777
989	990	6.09451	6.18052
990	991	6.09796	6.18342
991	992	6.10139	6.18631
992	993	6.10482	6.18918
993	994	6.10823	6.19204
994	995	6.11164	6.19488
995	996	6.11503	6.19771
996	997	6.11842	6.20053
997	998	6.1218	6.20333
998	999	6.12517	6.20612
999	1000	6.12853	6.2089
1000	1001	6.13189	6.21168
